0.02792157	0.02792157	0.4148
0.02892157	0.02892157	0.4225
0.02992157	0.02992157	0.4302
0.03092157	0.03092157	0.4379
0.03192157	0.03192157	0.4456
0.03292157	0.03292157	0.4533
0.03392157	0.03392157	0.461
0.03492157	0.03492157	0.4687
0.03592157	0.03592157	0.4764
0.03692157	0.03692157	0.4841
0.03792157	0.03792157	0.4918
0.03892157	0.03892157	0.4995
0.03992157	0.03992157	0.5072
0.04092157	0.04092157	0.5149
0.04192157	0.04192157	0.5226
0.04292157	0.04292157	0.5303
0.04392157	0.04392157	0.538
0.04492157	0.04492157	0.5457
0.04592157	0.04592157	0.5534
0.04692157	0.04692157	0.5611
0.04792157	0.04792157	0.5688
0.04892157	0.04892157	0.5765
0.04992157	0.04992157	0.5842
0.05092157	0.05092157	0.5919
0.05192157	0.05192157	0.5996
0.05292157	0.05292157	0.6073
0.05392157	0.05392157	0.615
0.05492157	0.05492157	0.6227
0.05592157	0.05592157	0.6304
0.05692157	0.05692157	0.6381
0.05792157	0.05792157	0.6458
0.05892157	0.05892157	0.6535
0.05992157	0.05992157	0.6612
0.06092157	0.06092157	0.6689
0.06192157	0.06192157	0.6766
0.06292157	0.06292157	0.6843
0.06392157	0.06392157	0.692
0.06492157	0.06492157	0.6997
0.06592157	0.06592157	0.7074
0.06692157	0.06692157	0.7151
0.06792157	0.06792157	0.7228
0.06892157	0.06892157	0.7305
0.06992157	0.06992157	0.7382
0.07092157	0.07092157	0.7459
0.07192157	0.07192157	0.7536
0.07292157	0.07292157	0.7613
0.07392157	0.07392157	0.769
0.07492157	0.07492157	0.7767
0.07592157	0.07592157	0.7844
0.07692157	0.07692157	0.7921
0.07792157	0.07792157	0.7998
0.07892157	0.07892157	0.8075
0.07992157	0.07992157	0.8152
0.08092157	0.08092157	0.8229
0.08192157	0.08192157	0.8306
0.08292157	0.08292157	0.8383
0.08392157	0.08392157	0.846
0.08492157	0.08492157	0.8537
0.08592157	0.08592157	0.8614
0.08692157	0.08692157	0.8691
0.08792157	0.08792157	0.8768
0.08892157	0.08892157	0.8845
0.08992157	0.08992157	0.8922
0.09092157	0.09092157	0.8999
0.09192157	0.09192157	0.9076
0.09292157	0.09292157	0.9153
0.09392157	0.09392157	0.923
0.09492157	0.09492157	0.9307
0.09592157	0.09592157	0.9384
0.09692157	0.09692157	0.9461
0.09792157	0.09792157	0.9538
0.09892157	0.09892157	0.9615
0.09992157	0.09992157	0.9692
0.10092157	0.10092157	0.9769
0.10192157	0.10192157	0.9846
0.10292157	0.10292157	0.9923
0.10392157	0.10392157	1
0.100828633	0.129983142	1
0.097735696	0.156244844	1
0.094642758	0.182706684	1
0.091549821	0.209368661	1
0.088456884	0.236230761	1
0.085363947	0.263292998	1
0.08227101	0.290555358	1
0.079178073	0.31801787	1
0.076085135	0.345680505	1
0.072992198	0.373543262	1
0.069899261	0.401606172	1
0.066806324	0.429869205	1
0.063713387	0.45833239	1
0.060620449	0.486995667	1
0.057527512	0.515859127	1
0.054434575	0.54492265	1
0.051341638	0.574186385	1
0.048248701	0.603650212	1
0.045155764	0.633314192	1
0.042062826	0.663178265	1
0.038969889	0.69324249	1
0.035876952	0.723506868	1
0.032784015	0.753971338	1
0.02969108	0.784635961	1
0.026598142	0.815500736	1
0.023505205	0.846565604	1
0.020412268	0.877830684	1
0.019201443	0.888034463	1
0.017990615	0.898263812	1
0.01677979	0.908518672	1
0.015568963	0.918799043	1
0.014358137	0.929104924	1
0.01314731	0.939436316	1
0.011936485	0.949793279	1
0.010725658	0.960175753	1
0.009514832	0.970583737	1
0.008304005	0.981017232	1
0.00709318	0.991476238	1
0.005882353	1	1
0.005612507	0.991349459	0.933364928
0.005347557	0.980738163	0.865986347
0.005087503	0.970126867	0.799825788
0.004832345	0.959515572	0.734884202
0.004582081	0.948904276	0.671162426
0.004336714	0.93829298	0.608661354
0.004096242	0.927681684	0.547381759
0.003860666	0.917070389	0.487324625
0.003629985	0.906459033	0.428490728
0.003404201	0.895847738	0.370880961
0.003183311	0.885236442	0.314496189
0.002967318	0.874625146	0.259337276
0.00275622	0.864013851	0.205405071
0.002550017	0.853402555	0.152700469
0.002348711	0.842791259	0.101224303
0.0021523	0.832179964	0.050977454
0.001960784	0.821568668	0.001960784
0.054081853	0.832843125	0.002164432
0.107591614	0.844117641	0.002373606
0.162489027	0.855392158	0.002588307
0.218773067	0.866666675	0.002808535
0.276442707	0.877941191	0.00303429
0.335496873	0.889215708	0.003265571
0.395934552	0.900490224	0.003502379
0.457754701	0.911764741	0.003744714
0.520956337	0.923039198	0.003992575
0.585538328	0.934313715	0.004245963
0.651499689	0.945588231	0.004504878
0.718839407	0.956862748	0.00476932
0.78755641	0.968137264	0.005039288
0.857649624	0.979411781	0.005314783
0.929118097	0.990686297	0.005595805
1	1	0.005882353
1	0.992235839	0.006013072
1	0.982513428	0.006143791
1	0.972793579	0.00627451
1	0.963076234	0.006405229
1	0.953361511	0.006535948
1	0.943649292	0.006666667
1	0.933939636	0.006797386
1	0.924232543	0.006928105
1	0.914528012	0.007058823
1	0.904826045	0.007189543
1	0.895126581	0.007320262
1	0.88542974	0.007450981
1	0.875735402	0.0075817
1	0.866043627	0.007712418
1	0.856354415	0.007843138
1	0.834589243	0.007792861
1	0.812821865	0.007742584
1	0.791052282	0.007692308
1	0.769280553	0.007642031
1	0.747506559	0.007591755
1	0.725730419	0.007541478
1	0.703952014	0.007491202
1	0.682171464	0.007440925
1	0.660388708	0.007390649
1	0.638603747	0.007340372
1	0.61681658	0.007290096
1	0.595027208	0.007239819
1	0.573235631	0.007189543
1	0.551441848	0.007139266
1	0.52964586	0.007088989
1	0.507847726	0.007038713
1	0.486047328	0.006988436
1	0.464244753	0.00693816
1	0.442439973	0.006887883
1	0.420633018	0.006837607
1	0.398823828	0.00678733
1	0.377012461	0.006737054
1	0.35519889	0.006686777
1	0.333383083	0.006636501
1	0.311565131	0.006586224
1	0.289744943	0.006535948
1	0.26792255	0.006485671
1	0.246097982	0.006435395
1	0.224271193	0.006385118
1	0.202442214	0.006334842
1	0.180611029	0.006284565
1	0.158777654	0.006234289
1	0.136942074	0.006184012
1	0.115104288	0.006133736
1	0.093264297	0.006083459
1	0.071422115	0.006033183
1	0.049577728	0.005982906
1	0.027731141	0.00593263
1	0.005882353	0.005882353
0.990714014	0.005946212	0.005946212
0.979467273	0.006007615	0.006007615
0.968220472	0.006066561	0.006066561
0.956973732	0.006123052	0.006123052
0.945726991	0.006177086	0.006177086
0.93448019	0.006228665	0.006228665
0.923233449	0.006277787	0.006277787
0.911986709	0.006324453	0.006324453
0.900739908	0.006368663	0.006368663
0.889493167	0.006410417	0.006410417
0.878246367	0.006449715	0.006449715
0.866999626	0.006486556	0.006486556
0.855752885	0.006520942	0.006520942
0.844506085	0.006552871	0.006552871
0.833259344	0.006582344	0.006582344
0.822012603	0.006609362	0.006609362
0.810765803	0.006633923	0.006633923
0.799519062	0.006656028	0.006656028
0.788272321	0.006675677	0.006675677
0.777025521	0.00669287	0.00669287
0.76577878	0.006707606	0.006707606
0.75453198	0.006719887	0.006719887
0.743285239	0.006729711	0.006729711
0.732038498	0.006737079	0.006737079
0.720791698	0.006741992	0.006741992
0.709544957	0.006744448	0.006744448
0.698298216	0.006744448	0.006744448
0.687051415	0.006741992	0.006741992
0.675804675	0.006737079	0.006737079
0.664557874	0.006729711	0.006729711
0.653311133	0.006719887	0.006719887
0.642064393	0.006707606	0.006707606
0.630817592	0.00669287	0.00669287
0.619570851	0.006675677	0.006675677
0.608324111	0.006656028	0.006656028
0.59707731	0.006633923	0.006633923
0.585830569	0.006609362	0.006609362
0.574583828	0.006582344	0.006582344
0.563337028	0.006552871	0.006552871
0.552090287	0.006520942	0.006520942
0.540843487	0.006486556	0.006486556
0.529596746	0.006449715	0.006449715
0.518350005	0.006410417	0.006410417
0.507103205	0.006368663	0.006368663
0.495856464	0.006324453	0.006324453
0.484609693	0.006277787	0.006277787
0.473362923	0.006228665	0.006228665
0.462116182	0.006177086	0.006177086
0.450869411	0.006123052	0.006123052
0.439622641	0.006066561	0.006066561
0.42837587	0.006007615	0.006007615
0.417129129	0.005946212	0.005946212
0.405882359	0.005882353	0.005882353
