0.929411828517914	0.843137323856354	0.843137323856354
0.935620963573456	0.825253248214722	0.834450542926788
0.941651821136475	0.789413571357727	0.814786612987518
0.947682738304138	0.753045618534088	0.801704883575440
0.953713595867157	0.716149389743805	0.795337438583374
0.959744513034821	0.678724825382233	0.795816361904144
0.965775430202484	0.640771985054016	0.803273677825928
0.971806287765503	0.602290868759155	0.817841529846191
0.977837204933167	0.563281476497650	0.839651942253113
0.983868122100830	0.523743748664856	0.868836998939514
0.989898979663849	0.483677715063095	0.905528783798218
0.995929896831513	0.443083405494690	0.949859321117401
1	0.401960790157318	1
1	0.00784313771873713	1
0.949824571609497	0.00841071084141731	0.987481176853180
0.898844420909882	0.00895910337567329	0.973001539707184
0.849018037319183	0.00948831532150507	0.958521902561188
0.800343215465546	0.00999834667891264	0.944042265415192
0.752817749977112	0.0104891974478960	0.929562687873840
0.706439435482025	0.0109608666971326	0.915083050727844
0.661206066608429	0.0114133553579450	0.900603413581848
0.617115378379822	0.0118466634303331	0.886123776435852
0.574165225028992	0.0122607899829745	0.871644198894501
0.532353401184082	0.0126557368785143	0.857164561748505
0.491677641868591	0.0130315022543073	0.842684924602509
0.452135741710663	0.0133880870416760	0.828205287456513
0.413725495338440	0.0137254903092980	0.813725709915161
0.301383256912231	0.0138396043330431	0.876470744609833
0.168068930506706	0.0138396043330431	0.939215779304504
0.0137254903092980	0.0137254903092980	1
0.0137254903092980	0.0446078442037106	1
0.0137254903092980	0.0754901990294457	1
0.0137254903092980	0.106372550129890	1
0.0137254903092980	0.137254908680916	1
0.0137254903092980	0.168137252330780	1
0.0137254903092980	0.199019610881805	1
0.0137254903092980	0.229901954531670	1
0.0137254903092980	0.260784327983856	1
0.0137254903092980	0.291666656732559	1
0.0137254903092980	0.322549015283585	1
0.0137254903092980	0.353431373834610	1
0.0137254903092980	0.384313732385635	1
0.0137254903092980	0.415196090936661	1
0.0137254903092980	0.446078419685364	1
0.0137254903092980	0.476960778236389	1
0.0137254903092980	0.507843136787415	1
0.0137254903092980	0.538725495338440	1
0.0137254903092980	0.569607853889465	1
0.0137254903092980	0.600490212440491	1
0.0137254903092980	0.631372570991516	1
0.0137254903092980	0.662254929542542	1
0.0137254903092980	0.693137228488922	1
0.0137254903092980	0.724019587039948	1
0.0137254903092980	0.754901945590973	1
0.0137254903092980	0.785784304141998	1
0.0137254903092980	0.816666662693024	1
0.0137254903092980	0.847549021244049	1
0.0137254903092980	0.878431379795075	1
0.0137254903092980	0.909313738346100	1
0.0137254903092980	0.940196096897125	1
0.0137254903092980	0.971078455448151	1
0.0137254903092980	1	1
0.0219030659645796	0.995686292648315	0.963226854801178
0.0299764405936003	0.989411771297455	0.925449430942535
0.0379456132650375	0.983137249946594	0.888618111610413
0.0458105877041817	0.976862788200378	0.852722465991974
0.0535713620483875	0.970588266849518	0.817752122879028
0.0612279325723648	0.964313745498657	0.783696591854096
0.0687803030014038	0.958039283752441	0.750545501708984
0.0762284770607948	0.951764762401581	0.718288421630859
0.0835724472999573	0.945490241050720	0.686914920806885
0.0908122137188911	0.939215779304504	0.656414568424225
0.0979477837681770	0.932941257953644	0.626776993274689
0.104979157447815	0.926666736602783	0.597991704940796
0.111906327307224	0.920392215251923	0.570048332214356
0.118729293346405	0.914117753505707	0.542936444282532
0.125448063015938	0.907843232154846	0.516645669937134
0.132062628865242	0.901568710803986	0.491165459156036
0.138572990894318	0.895294249057770	0.466485530138016
0.144979149103165	0.889019727706909	0.442595392465591
0.151281118392944	0.882745206356049	0.419484615325928
0.157478883862495	0.876470744609833	0.397142827510834
0.163572445511818	0.870196223258972	0.375559568405151
0.169561818242073	0.863921701908112	0.354724436998367
0.175446972250938	0.857647180557251	0.334627032279968
0.181227937340736	0.851372718811035	0.315256893634796
0.186904698610306	0.845098197460175	0.296603620052338
0.192477256059647	0.838823676109314	0.278656780719757
0.197945609688759	0.832549214363098	0.261405974626541
0.203309774398804	0.826274693012238	0.244840770959854
0.208569735288620	0.820000171661377	0.228950753808022
0.213725492358208	0.813725709915161	0.213725492358208
0.203309774398804	0.826274693012238	0.203309774398804
0.192477256059647	0.838823676109314	0.192477256059647
0.181227937340736	0.851372718811035	0.181227937340736
0.169561818242073	0.863921701908112	0.169561818242073
0.157478883862495	0.876470744609833	0.157478883862495
0.144979149103165	0.889019727706909	0.144979149103165
0.132062628865242	0.901568710803986	0.132062628865242
0.118729293346405	0.914117753505707	0.118729293346405
0.104979157447815	0.926666736602783	0.104979157447815
0.0908122137188911	0.939215779304504	0.0908122137188911
0.0762284770607948	0.951764762401581	0.0762284770607948
0.0612279325723648	0.964313745498657	0.0612279325723648
0.0458105877041817	0.976862788200378	0.0458105877041817
0.0299764405936003	0.989411771297455	0.0299764405936003
0.0137254903092980	1	0.0137254903092980
0.0962282121181488	1	0.0138888889923692
0.178703710436821	1	0.0140522876754403
0.261151969432831	1	0.0142156863585114
0.343572974205017	1	0.0143790850415826
0.425966769456863	1	0.0145424837246537
0.508333325386047	1	0.0147058824077249
0.590672671794891	1	0.0148692810907960
0.672984778881073	1	0.0150326797738671
0.755269587039948	1	0.0151960784569383
0.837527215480804	1	0.0153594771400094
0.919757604598999	1	0.0155228758230805
1	1	0.0156862754374743
1	0.990218579769135	0.0156162464991212
1	0.978474736213684	0.0155462184920907
1	0.966729164123535	0.0154761904850602
1	0.954981982707977	0.0154061624780297
1	0.943233132362366	0.0153361344709992
1	0.931482613086700	0.0152661064639688
1	0.919730365276337	0.0151960784569383
1	0.907976508140564	0.0151260504499078
1	0.896220982074738	0.0150560224428773
1	0.884463787078857	0.0149859944358468
1	0.872704923152924	0.0149159664288163
1	0.860944390296936	0.0148459384217858
1	0.849182188510895	0.0147759104147553
1	0.837418317794800	0.0147058824077249
1	0.825652778148651	0.0146358544006944
1	0.813885569572449	0.0145658263936639
1	0.802116692066193	0.0144957983866334
1	0.790346145629883	0.0144257703796029
1	0.778573930263519	0.0143557423725724
1	0.766800045967102	0.0142857143655419
1	0.755024492740631	0.0142156863585114
1	0.743247270584106	0.0141456583514810
1	0.731468439102173	0.0140756303444505
1	0.719687879085541	0.0140056023374200
1	0.707905650138855	0.0139355743303895
1	0.696121811866760	0.0138655463233590
1	0.684336245059967	0.0137955183163285
1	0.672549009323120	0.0137254903092980
1	0.660760164260864	0.0136554623022676
1	0.648969590663910	0.0135854342952371
1	0.637177348136902	0.0135154062882066
1	0.625383496284485	0.0134453782811761
1	0.613587915897369	0.0133753502741456
1	0.601790726184845	0.0133053222671151
1	0.589991807937622	0.0132352942600846
1	0.578191280364990	0.0131652662530541
1	0.566389083862305	0.0130952382460237
1	0.554585158824921	0.0130252102389932
1	0.542779624462128	0.0129551822319627
1	0.530972361564636	0.0128851542249322
1	0.519163489341736	0.0128151262179017
1	0.507352948188782	0.0127450982108712
1	0.495540708303452	0.0126750702038407
1	0.483726829290390	0.0126050421968102
1	0.471911251544952	0.0125350141897798
1	0.460094034671783	0.0124649861827493
1	0.448275148868561	0.0123949581757188
1	0.436454594135284	0.0123249301686883
1	0.424632340669632	0.0122549021616578
1	0.412808448076248	0.0121848741546273
1	0.400982886552811	0.0121148461475968
1	0.389155656099319	0.0120448181405663
1	0.377326756715775	0.0119747901335359
1	0.365496188402176	0.0119047621265054
1	0.353663951158524	0.0118347341194749
1	0.341830074787140	0.0117647061124444
1	0.329994499683380	0.0116946781054139
1	0.318157255649567	0.0116246500983834
1	0.306318372488022	0.0115546220913529
1	0.294477790594101	0.0114845940843225
1	0.282635539770126	0.0114145660772920
1	0.270791649818420	0.0113445380702615
1	0.258946090936661	0.0112745100632310
1	0.247098833322525	0.0112044820562005
1	0.235249936580658	0.0111344540491700
1	0.223399356007576	0.0110644260421395
1	0.211547121405602	0.0109943980351090
1	0.199693217873573	0.0109243700280786
1	0.187837630510330	0.0108543420210481
1	0.175980389118195	0.0107843140140176
1	0.164121478796005	0.0107142860069871
1	0.152260899543762	0.0106442579999566
1	0.140398666262627	0.0105742299929261
1	0.128534749150276	0.0105042019858956
1	0.116669170558453	0.0104341739788651
1	0.104801923036575	0.0103641459718347
1	0.0929330065846443	0.0102941179648042
1	0.0810624286532402	0.0102240899577737
1	0.0691901743412018	0.0101540619507432
1	0.0573162585496903	0.0100840339437127
1	0.0454406775534153	0.0100140059366822
1	0.0335634276270866	0.00994397792965174
1	0.0216845069080591	0.00987394992262125
1	0.00980392191559076	0.00980392191559076
0.994635581970215	0.00995975639671087	0.00995975639671087
0.987310409545898	0.0101124430075288	0.0101124430075288
0.979985237121582	0.0102619817480445	0.0102619817480445
0.972660005092621	0.0104083735495806	0.0104083735495806
0.965334832668304	0.0105516165494919	0.0105516165494919
0.958009660243988	0.0106917116791010	0.0106917116791010
0.950684428215027	0.0108286598697305	0.0108286598697305
0.943359255790710	0.0109624592587352	0.0109624592587352
0.936034083366394	0.0110931117087603	0.0110931117087603
0.928708851337433	0.0112206162884831	0.0112206162884831
0.921383678913117	0.0113449729979038	0.0113449729979038
0.914058506488800	0.0114661818370223	0.0114661818370223
0.906733334064484	0.0115842428058386	0.0115842428058386
0.899408102035523	0.0116991559043527	0.0116991559043527
0.892082929611206	0.0118109211325645	0.0118109211325645
0.884757757186890	0.0119195384904742	0.0119195384904742
0.877432525157929	0.0120250079780817	0.0120250079780817
0.870107352733612	0.0121273305267096	0.0121273305267096
0.862782180309296	0.0122265042737126	0.0122265042737126
0.855456948280335	0.0123225310817361	0.0123225310817361
0.848131775856018	0.0124154100194573	0.0124154100194573
0.840806603431702	0.0125051401555538	0.0125051401555538
0.833481431007385	0.0125917233526707	0.0125917233526707
0.826156198978424	0.0126751586794853	0.0126751586794853
0.818831026554108	0.0127554461359978	0.0127554461359978
0.811505854129791	0.0128325857222080	0.0128325857222080
0.804180622100830	0.0129065774381161	0.0129065774381161
0.796855449676514	0.0129774212837219	0.0129774212837219
0.789530277252197	0.0130451181903481	0.0130451181903481
0.782205045223236	0.0131096662953496	0.0131096662953496
0.774879872798920	0.0131710674613714	0.0131710674613714
0.767554700374603	0.0132293198257685	0.0132293198257685
0.760229527950287	0.0132844252511859	0.0132844252511859
0.752904295921326	0.0133363828063011	0.0133363828063011
0.745579123497009	0.0133851915597916	0.0133851915597916
0.738253951072693	0.0134308533743024	0.0134308533743024
0.730928719043732	0.0134733673185110	0.0134733673185110
0.723603546619415	0.0135127333924174	0.0135127333924174
0.716278374195099	0.0135489515960217	0.0135489515960217
0.708953142166138	0.0135820228606462	0.0135820228606462
0.701627969741821	0.0136119453236461	0.0136119453236461
0.694302797317505	0.0136387199163437	0.0136387199163437
0.686977624893189	0.0136623475700617	0.0136623475700617
0.679652392864227	0.0136828264221549	0.0136828264221549
0.672327220439911	0.0137001583352685	0.0137001583352685
0.665002048015595	0.0137143423780799	0.0137143423780799
0.657676815986633	0.0137253785505891	0.0137253785505891
0.650351643562317	0.0137332659214735	0.0137332659214735
0.643026471138001	0.0137380063533783	0.0137380063533783
0.635701239109039	0.0137395989149809	0.0137395989149809
0.628376066684723	0.0137380445376039	0.0137380445376039
0.621050894260407	0.0137333413586020	0.0137333413586020
0.613725721836090	0.0137254903092980	0.0137254903092980